5
0 16 5
1 47 2
2 49 2
3 46 2
4 37 5
5 36 4
6 6 1
7 7 1
8 20 4
9 29 1
10 2 3
11 17 4
12 39 1
13 39 3
14 44 1
15 13 4
16 10 4
17 5 1
18 11 3
19 12 1
20 49 4
21 33 5
22 11 1
23 45 1
24 19 4
25 44 1
26 18 4
27 38 3
28 2 5
29 31 3
30 28 5
31 26 1
32 16 3
33 35 5
34 35 3
35 7 5
36 4 5
37 2 4
38 9 3
39 43 1
40 42 4
41 47 3
42 45 5
43 50 5
44 29 3
45 21 4
46 26 5
47 11 1
48 12 1
49 8 3
50 3 4
51 45 5
52 35 5
53 6 5
54 18 3
55 24 1
56 9 1
57 41 3
58 28 1
59 28 5
60 34 2
61 20 1
62 3 1
63 29 2
64 32 3
65 13 1
66 23 5
67 48 3
68 3 5
69 8 2
70 5 1
71 25 4
72 45 2
73 1 1
74 27 3
75 33 2
76 33 2
77 1 2
78 34 4
79 22 5
80 48 3
81 44 5
82 6 5
83 38 1
84 28 4
85 1 1
86 13 3
87 46 5
88 8 1
89 43 4
90 42 1
91 37 1
92 32 4
93 2 4
94 37 3
95 18 3
96 14 2
97 25 4
98 47 4
99 3 2
100 48 3
101 20 5
102 1 4
103 23 5
104 6 2
105 46 5
106 4 5
107 42 5
108 48 5
109 16 1
110 5 5
111 50 4
112 21 4
113 41 4
114 36 5
115 37 3
116 38 4
117 47 2
118 30 2
119 30 4
120 35 3
121 23 4
122 2 2
123 39 3
124 3 2
125 5 3
126 14 4
127 48 1
128 31 3
129 50 5
130 32 3
131 26 5
132 41 1
133 1 4
134 17 4
135 8 2
136 8 4
137 49 1
138 5 4
139 47 1
140 31 1
141 39 1
142 46 1
143 22 3
144 31 4
145 1 3
146 43 4
147 20 4
148 26 5
149 22 5
150 39 4
151 30 1
152 2 1
153 27 1
154 46 3
155 46 3
156 26 4
157 17 5
158 46 4
159 3 3
160 7 1
161 21 1
162 2 4
163 6 5
164 5 1
165 33 1
166 43 3
167 2 4
168 5 5
169 34 2
170 45 3
171 32 2
172 32 2
173 21 4
174 1 1
175 37 5
176 40 4
177 45 5
178 2 1
179 10 4
180 12 5
181 25 2
182 40 2
183 40 3
184 47 5
